     0/299     3.51G      6.21      55.8      3.37      65.4        16       512         0         0    0.0264         0      4.28      3.91      2.71
     1/299     3.42G      5.21      3.41      3.23      11.8        12       512         0         0     0.111         0      3.76       2.3      2.39
     2/299     3.42G       4.4      3.61      2.82      10.8        12       512         0         0      0.19         0      2.97       1.9      2.16
     3/299     3.42G      4.05      2.96       2.6      9.62        15       512     0.146     0.333     0.213     0.202      3.05      1.36         2
     4/299     3.42G      3.74      2.29      2.39      8.42        17       512     0.114     0.772     0.236     0.198      3.37      1.34      1.88
     5/299     3.42G       3.5      1.77      2.38      7.65        14       512    0.0876     0.747     0.173     0.154      2.89       4.1      1.86
     6/299     3.42G      3.42      1.47      2.42      7.32        13       512     0.051      0.45    0.0568    0.0886      3.22      9.76      1.79
     7/299     3.42G      3.08      1.42      2.36      6.86        16       512      0.26      0.52     0.317     0.344      2.76     0.966      1.75
     8/299     3.42G      3.22      1.47      2.29      6.97        18       512     0.173     0.635     0.219     0.264       2.4      1.32       1.7
     9/299     3.42G      2.88      1.07      2.07      6.03        14       512     0.279     0.627     0.336     0.384      2.21     0.728      1.66
    10/299     3.42G      2.89      1.08      2.04      6.01         8       512     0.256      0.72     0.347     0.378      2.35      0.66      1.61
    11/299     3.42G      2.89      1.02      2.17      6.07        15       512      0.23     0.746     0.353     0.352      2.19     0.631       1.6
    12/299     3.42G      2.62      1.05      1.94      5.61        15       512     0.268     0.765     0.415     0.396      2.27     0.635       1.5
    13/299     3.42G      3.31      1.01      1.99       6.3         9       512     0.246     0.674     0.404      0.36      2.63      0.76      1.48
    14/299     3.42G      2.28     0.952      1.95      5.18        10       512     0.268     0.767     0.464     0.395      1.97     0.676      1.51
    15/299     3.42G      2.55     0.951      1.87      5.37        13       512     0.259     0.782     0.459     0.388      1.74     0.624      1.48
    16/299     3.42G      2.45      0.91      2.01      5.37        15       512     0.254     0.846     0.539      0.39       2.3     0.571      1.41
    17/299     3.42G      2.73     0.888      1.88       5.5        11       512     0.307     0.719     0.572     0.429      1.86     0.629      1.33
    18/299     3.42G      2.61     0.927      1.77      5.31        10       512     0.301      0.82     0.635     0.439      1.82     0.592      1.22
    19/299     3.42G      3.12      1.04      1.92      6.08        15       512     0.289     0.776     0.612      0.42      2.27     0.655      1.15
    20/299     3.42G      2.89     0.866      1.69      5.45        10       512     0.325     0.839     0.677     0.466      2.07       0.6      0.99
    21/299     3.42G      2.92     0.976      1.49      5.39         9       512     0.321       0.9     0.709     0.472      2.01     0.577     0.915
    22/299     3.42G      2.62     0.891      1.34      4.86        10       512     0.344     0.888     0.757     0.489      1.66     0.554     0.874
    23/299     3.42G      2.38     0.852      1.19      4.42        20       512      0.39      0.87     0.722      0.52      1.87     0.542     0.777
    24/299     3.42G      2.72     0.865      1.29      4.87        12       512      0.39     0.884     0.814     0.538      1.87     0.577     0.752
    25/299     3.42G      2.56     0.926      1.22       4.7         9       512     0.511     0.945     0.838     0.643      1.64     0.627     0.649
    26/299     3.42G      2.51      0.88      1.02      4.41        18       512     0.526     0.972     0.863     0.678      2.01      0.58     0.547
    27/299     3.42G      2.53     0.838     0.918      4.29        12       512     0.497      0.93     0.886     0.642      1.84     0.542     0.499
    28/299     3.42G      2.63     0.815     0.932      4.37         8       512     0.604     0.968     0.945     0.732      1.66     0.514     0.447
    29/299     3.42G      2.29     0.809     0.739      3.84         9       512     0.634     0.958     0.924     0.753      2.18     0.509     0.344
    30/299     3.42G      2.56     0.761     0.587       3.9        11       512     0.558      0.97     0.896     0.706      1.96     0.529     0.323
    31/299     3.42G      2.52       0.8     0.779      4.09        13       512     0.684     0.983     0.958     0.804      1.99     0.573     0.332
    32/299     3.42G      2.41     0.907     0.632      3.94        13       512     0.701     0.985     0.914     0.815      1.57      0.54     0.291
    33/299     3.42G       2.4     0.731     0.558      3.69        11       512     0.716     0.967     0.915     0.818      1.79     0.542      0.29
    34/299     3.42G      2.25     0.841      0.58      3.67        17       512     0.784     0.988     0.953     0.872       1.7     0.537     0.291
    35/299     3.42G       2.2     0.836     0.633      3.67        16       512     0.718     0.988      0.94     0.825      1.97     0.535     0.286
    36/299     3.42G      2.48     0.754     0.696      3.93        10       512     0.751      0.97     0.944     0.846      1.67     0.542     0.283
    37/299     3.42G      2.33     0.794     0.673      3.79        10       512     0.783     0.993     0.983     0.872      1.66     0.529     0.248
    38/299     3.42G      2.04     0.776     0.606      3.42        15       512     0.774     0.988     0.981     0.864      1.47     0.509     0.211
    39/299     3.42G       2.1     0.782     0.477      3.36        11       512      0.76     0.993     0.931     0.858      1.75     0.547     0.204
    40/299     3.42G      2.16     0.812     0.572      3.55        13       512     0.854     0.986     0.983     0.915      1.48      0.55     0.238
    41/299     3.42G      2.15     0.692     0.518      3.36        13       512     0.783     0.993     0.934     0.873      1.91     0.497     0.225
    42/299     3.42G      2.26     0.757     0.521      3.54        15       512     0.891     0.991     0.972     0.936      1.48     0.507     0.247
    43/299     3.42G      2.04     0.763     0.518      3.32        14       512     0.883     0.979     0.978     0.926       1.4     0.537     0.224
    44/299     3.42G      2.19     0.834     0.433      3.46         9       512     0.833     0.948      0.97      0.88      1.32     0.516     0.203
    45/299     3.42G      2.27     0.734     0.537      3.54        14       512     0.808     0.972     0.918     0.877      1.45     0.527     0.189
    46/299     3.42G      1.99     0.815     0.342      3.15        12       512      0.87     0.971     0.978     0.917      1.39     0.506     0.207
    47/299     3.42G      2.26     0.764     0.451      3.48        14       512     0.822     0.955     0.974     0.881      1.38     0.512     0.185
    48/299     3.42G      1.86     0.759     0.402      3.02        12       512     0.866     0.957     0.978     0.906      1.57     0.496     0.221
    49/299     3.42G      2.01     0.703     0.398      3.11        12       512     0.857     0.966     0.961     0.905      1.35     0.486     0.187
    50/299     3.42G       2.2      0.77      0.37      3.34        12       512     0.891     0.948     0.975     0.917      1.56      0.49     0.162
    51/299     3.42G      2.25      0.74     0.486      3.48        14       512     0.905     0.923     0.973     0.911      1.29     0.521     0.168
    52/299     3.42G      1.82     0.728     0.252       2.8        12       512     0.898     0.952     0.973     0.923      1.29     0.463     0.173
    53/299     3.42G      1.86     0.749      0.31      2.92        13       512     0.866     0.976     0.981     0.916       1.5     0.444      0.16
    54/299     3.42G      2.09      0.73     0.628      3.45        11       512     0.863     0.969     0.965     0.911      1.39     0.452     0.168
    55/299     3.42G      2.04     0.707      0.42      3.16        15       512      0.85     0.968     0.967     0.903      1.36     0.434     0.181
    56/299     3.42G      2.11     0.726     0.461       3.3        10       512     0.925     0.969     0.985     0.946      1.33     0.423     0.169
    57/299     3.42G      1.92     0.761     0.316         3        11       512     0.874     0.976     0.937      0.92      1.58     0.458     0.154
    58/299     3.42G      2.22     0.764     0.428      3.41        18       512      0.95     0.988      0.99     0.968      1.17     0.469     0.162
    59/299     3.42G      1.91     0.763     0.483      3.15        10       512     0.914     0.988      0.99     0.948      1.32     0.467     0.152
    60/299     3.42G         2     0.686      0.32      3.01        14       512      0.92     0.993     0.991     0.954      1.19     0.467      0.18
    61/299     3.42G      1.77     0.656     0.268      2.69        16       512      0.94     0.984     0.988      0.96      1.11     0.457     0.157
    62/299     3.42G      1.92      0.71     0.272       2.9        10       512     0.961     0.992     0.994     0.975      1.23     0.473     0.139
    63/299     3.42G         2     0.719     0.395      3.12        16       512     0.954     0.986     0.994     0.968      1.09      0.49     0.148
    64/299     3.42G      1.99      0.66      0.35         3        13       512     0.902     0.992     0.983     0.942      1.36      0.51     0.148
    65/299     3.42G      1.84     0.688     0.444      2.97         9       512     0.921     0.988     0.991     0.953      1.16     0.463     0.167
    66/299     3.42G      1.82     0.701     0.248      2.77        13       512      0.94     0.946     0.987     0.943      1.14     0.472     0.186
    67/299     3.42G      1.67     0.654     0.338      2.67        11       512     0.975     0.971     0.988     0.973      1.13       0.5     0.157
    68/299     3.42G      1.82      0.62     0.385      2.83         9       512       0.9     0.977     0.988     0.934      1.34      0.49     0.133
    69/299     3.42G      1.88     0.688     0.425      2.99        16       512     0.933     0.974     0.984     0.951      1.29     0.471     0.126
    70/299     3.42G      1.75     0.674     0.215      2.64         9       512     0.961     0.967      0.99     0.964      1.41     0.478      0.13
    71/299     3.42G      1.83     0.679     0.261      2.77        11       512     0.938     0.963     0.976     0.949      1.22     0.511     0.173
    72/299     3.42G      1.72     0.679     0.317      2.72        10       512     0.956     0.976     0.986     0.965      1.13     0.504     0.162
    73/299     3.42G      1.75     0.653     0.318      2.72        15       512     0.912     0.975     0.987     0.941      1.11     0.491     0.154
    74/299     3.42G      1.53     0.602     0.293      2.42        14       512     0.944     0.969     0.982     0.956      1.17     0.494     0.144
    75/299     3.42G       1.9     0.637     0.407      2.94        12       512     0.877     0.956     0.977     0.913      1.35     0.468      0.13
    76/299     3.42G       1.9     0.626      0.23      2.76         9       512     0.933     0.973     0.983     0.951      1.19     0.447     0.126
    77/299     3.42G      1.74     0.622     0.202      2.57         9       512     0.937      0.98     0.982     0.958      1.37     0.477     0.146
    78/299     3.42G      2.02     0.665     0.258      2.95        12       512     0.953     0.981     0.989     0.966      1.18     0.503     0.166
    79/299     3.42G      1.87     0.672     0.264      2.81        12       512     0.959     0.976      0.99     0.967      1.18     0.474     0.148
    80/299     3.42G      1.54     0.642     0.262      2.44        10       512     0.955     0.961     0.992     0.957      1.15     0.472     0.132
    81/299     3.42G       1.6     0.699     0.225      2.52        14       512     0.966     0.964      0.99     0.964      1.05     0.459     0.128
    82/299     3.42G      1.77     0.681     0.273      2.72         9       512     0.966     0.963     0.991     0.964      1.21     0.442     0.122
    83/299     3.42G      1.79     0.663     0.235      2.69        14       512     0.969     0.973     0.993     0.971      1.15     0.417     0.112
    84/299     3.42G      1.83     0.769     0.442      3.04        11       512     0.907     0.946     0.984     0.923      1.07      0.47     0.146
    85/299     3.42G      1.46     0.678     0.252      2.39        12       512     0.862      0.95     0.978       0.9      1.09     0.444     0.183
    86/299     3.42G      1.81      0.69     0.319      2.82        10       512     0.895     0.957     0.986     0.922      1.08     0.433     0.129
    87/299     3.42G      1.57     0.725     0.429      2.72        17       512     0.895      0.96     0.987     0.922      1.03     0.463     0.126
    88/299     3.42G      1.63     0.655     0.219       2.5        13       512     0.923     0.973     0.988     0.946      1.11     0.452     0.123
    89/299     3.42G      1.87     0.652     0.283      2.81        10       512     0.964      0.99     0.994     0.976      1.13     0.422     0.111
    90/299     3.42G       1.7     0.697     0.271      2.67        12       512     0.944     0.993     0.994     0.967      1.07     0.431     0.103
    91/299     3.42G      1.63     0.634     0.281      2.54        16       512     0.931     0.985     0.993     0.955      1.31     0.433     0.121
    92/299     3.42G      1.62     0.663     0.325      2.61        13       512      0.95     0.986     0.988     0.967      1.07     0.437     0.108
    93/299     3.42G      1.81     0.676     0.354      2.84         8       512     0.952     0.974     0.986     0.962      1.07     0.431     0.102
    94/299     3.42G      1.72     0.571     0.254      2.54        15       512     0.952     0.939     0.978     0.943      1.01     0.459     0.112
    95/299     3.42G      1.44     0.645     0.251      2.33        13       512     0.965     0.967     0.991     0.965      1.02     0.455     0.105
    96/299     3.42G      1.69     0.654      0.23      2.58        10       512      0.96     0.981     0.993      0.97         1     0.473     0.109
    97/299     3.42G      1.66     0.708     0.302      2.68        13       512     0.966     0.982     0.992     0.974     0.964     0.421     0.107
    98/299     3.42G      1.61     0.659     0.191      2.46        17       512     0.966      0.98     0.992     0.973     0.976     0.395     0.103
    99/299     3.42G       1.4     0.611     0.327      2.33        16       512      0.98      0.98     0.993      0.98      1.04     0.383     0.101
   100/299     3.42G      1.59     0.595     0.231      2.42        16       512     0.974     0.975     0.994     0.974     0.978     0.372     0.097
   101/299     3.42G       1.5     0.528     0.189      2.21        11       512     0.989     0.976     0.993     0.982      1.12     0.392    0.0967
   102/299     3.42G      1.62      0.61     0.391      2.62        18       512     0.981     0.978     0.995     0.979      1.02     0.399     0.102
   103/299     3.42G      1.36     0.544     0.188      2.09         5       512     0.991     0.991     0.994     0.991     0.954     0.388     0.108
   104/299     3.42G      1.47     0.606     0.283      2.36        10       512     0.968     0.974     0.993     0.971     0.905     0.407     0.107
   105/299     3.42G       1.5     0.605     0.237      2.34        15       512     0.909     0.953     0.982     0.928     0.923     0.417    0.0966
   106/299     3.42G      1.64     0.594     0.253      2.49        10       512     0.962     0.952     0.984     0.957         1     0.405    0.0886
   107/299     3.42G      1.57     0.568      0.23      2.37        10       512     0.965     0.961     0.986     0.963     0.923     0.369    0.0885
   108/299     3.42G      1.56      0.53     0.185      2.27         8       512      0.97     0.966     0.987     0.968     0.939     0.352    0.0907
   109/299     3.42G      1.48      0.58     0.295      2.36        14       512     0.966     0.966     0.988     0.965     0.943      0.39    0.0969
   110/299     3.42G      1.44      0.54     0.203      2.19        11       512     0.925      0.96     0.979     0.942      1.08     0.436     0.107
   111/299     3.42G      1.52     0.589     0.198      2.31        15       512     0.969     0.971     0.989      0.97     0.915     0.389     0.103
   112/299     3.42G      1.44     0.563     0.203      2.21        13       512     0.973     0.963      0.99     0.967     0.882     0.378    0.0961
   113/299     3.42G      1.58     0.582     0.191      2.35        13       512     0.987     0.958     0.991     0.972     0.805     0.418    0.0857
   114/299     3.42G      1.42     0.592       0.2      2.21        11       512     0.996     0.953     0.992     0.973     0.907     0.457    0.0866
   115/299     3.42G      1.43       0.6     0.183      2.21        18       512     0.984     0.966     0.994     0.974     0.987     0.421    0.0882
   116/299     3.42G      1.38     0.545     0.173       2.1        17       512     0.986     0.979     0.994     0.982     0.841     0.398    0.0785
   117/299     3.42G      1.36     0.491     0.202      2.05        12       512     0.968     0.979     0.994     0.973     0.881     0.432    0.0746
   118/299     3.42G      1.61     0.529     0.205      2.34        14       512     0.973     0.975     0.994     0.974      1.01     0.454    0.0751
   119/299     3.42G      1.25     0.561     0.106      1.92        15       512     0.982     0.965     0.993     0.973     0.797     0.423    0.0797
   120/299     3.42G      1.28     0.584     0.124      1.99        11       512      0.99     0.958     0.991     0.974      0.93     0.406    0.0828
   121/299     3.42G      1.36     0.528     0.118         2        13       512     0.995     0.995     0.995     0.995     0.856     0.437    0.0822
   122/299     3.42G      1.26     0.568     0.117      1.95         7       512      0.99     0.993     0.995     0.991     0.877     0.399    0.0821
   123/299     3.42G      1.63     0.548     0.192      2.37        19       512     0.943     0.979     0.992      0.96     0.907      0.38    0.0827
   124/299     3.42G      1.24     0.558      0.12      1.92        14       512     0.995      0.98     0.995     0.987     0.921     0.381    0.0854
   125/299     3.42G       1.5      0.62     0.308      2.43        17       512      0.99     0.987     0.995     0.989     0.826     0.404    0.0786
   126/299     3.42G      1.32     0.528     0.195      2.04        14       512      0.99     0.993     0.995     0.991     0.847      0.38    0.0814
   127/299     3.42G      1.49     0.509     0.253      2.26        11       512     0.971     0.986     0.994     0.979     0.848     0.366    0.0846
   128/299     3.42G      1.39     0.545      0.26       2.2        11       512     0.969     0.984      0.99     0.976      0.77     0.358    0.0793
   129/299     3.42G      1.36     0.478     0.135      1.98        13       512     0.978     0.988     0.994     0.983     0.756     0.363    0.0762
   130/299     3.42G      1.19     0.583     0.146      1.92        13       512     0.976     0.984     0.995     0.979     0.763     0.366    0.0782
   131/299     3.42G      1.27     0.462     0.126      1.85        12       512     0.973     0.991     0.995     0.982     0.853     0.347    0.0747
   132/299     3.42G      1.28     0.522      0.17      1.97        17       512     0.991     0.978     0.995     0.984      0.82     0.349     0.074
   133/299     3.42G       1.3     0.545      0.13      1.97        10       512     0.991     0.981     0.995     0.986     0.745     0.355    0.0782
   134/299     3.42G      1.38     0.572     0.253       2.2        11       512     0.992     0.998     0.995     0.995     0.789     0.371    0.0805
   135/299     3.42G      1.53     0.506     0.291      2.32         9       512     0.976     0.997     0.995     0.986     0.785      0.35     0.102
   136/299     3.42G      1.42     0.507     0.164      2.09        17       512     0.964     0.998     0.994      0.98     0.761     0.331     0.106
   137/299     3.42G      1.13     0.518     0.138      1.79        12       512     0.984     0.995     0.995     0.989     0.814     0.346    0.0871
   138/299     3.42G      1.08     0.509     0.173      1.77        16       512     0.991     0.992     0.995     0.992     0.794     0.366    0.0747
   139/299     3.42G      1.34     0.551     0.146      2.03        16       512      0.99     0.993     0.995     0.991     0.818     0.424    0.0718
   140/299     3.42G      1.15     0.495     0.177      1.82        20       512     0.988     0.977     0.995     0.982     0.734     0.455    0.0682
   141/299     3.42G      1.23     0.475     0.163      1.86         6       512     0.986     0.978     0.995     0.982     0.694     0.358    0.0622
   142/299     3.42G      1.09     0.559     0.107      1.75        16       512     0.984     0.983     0.995     0.983     0.689      0.32    0.0601
   143/299     3.42G      1.12     0.463     0.144      1.73        13       512     0.981         1     0.995     0.991     0.785      0.32    0.0561
   144/299     3.42G      1.11     0.517     0.146      1.77        10       512     0.982         1     0.995     0.991     0.719     0.302    0.0563
   145/299     3.42G      1.24     0.529     0.112      1.88        13       512     0.984         1     0.995     0.992     0.712      0.29    0.0587
   146/299     3.42G      1.08     0.406     0.151      1.64        10       512     0.987         1     0.995     0.993     0.708     0.294    0.0621
   147/299     3.42G      1.18     0.456     0.121      1.76        15       512     0.989     0.996     0.995     0.993     0.649     0.302    0.0645
   148/299     3.42G      1.14     0.479     0.195      1.82        14       512     0.984      0.97     0.994     0.977     0.658     0.325    0.0612
   149/299     3.42G       1.2     0.499     0.191      1.89        15       512      0.99     0.975     0.995     0.982     0.716      0.34    0.0572
   150/299     3.42G      1.22     0.495     0.145      1.86         8       512     0.996     0.987     0.995     0.991     0.702     0.322    0.0554
   151/299     3.42G      1.36     0.493     0.175      2.03        16       512     0.989     0.998     0.995     0.993     0.669     0.307    0.0564
   152/299     3.42G      1.12     0.503     0.129      1.75        19       512     0.982     0.991     0.995     0.986     0.652     0.294     0.062
   153/299     3.42G      1.08     0.434     0.116      1.63        19       512     0.987     0.969     0.995     0.978     0.694     0.319    0.0634
   154/299     3.42G     0.986     0.443    0.0916      1.52         9       512     0.983     0.954     0.993     0.968      0.74     0.307    0.0636
   155/299     3.42G      1.01     0.478     0.123      1.61        11       512     0.995     0.954     0.994     0.974      0.82     0.308    0.0629
   156/299     3.42G       1.3     0.479    0.0945      1.87        11       512     0.993      0.97     0.995     0.981     0.677     0.295    0.0671
   157/299     3.42G      1.19     0.478     0.257      1.93        14       512     0.991     0.995     0.995     0.993     0.682     0.374    0.0717
   158/299     3.42G       1.2     0.495     0.214      1.91        16       512     0.983     0.998     0.994     0.991     0.707     0.354    0.0709
   159/299     3.42G      1.09     0.415     0.143      1.65        12       512     0.982     0.998     0.995      0.99     0.666     0.349    0.0697
   160/299     3.42G      1.28      0.45     0.256      1.98        11       512     0.989      0.99     0.995      0.99     0.684     0.341     0.069
   161/299     3.42G      1.17     0.436      0.19      1.79        12       512     0.978     0.982     0.994      0.98     0.653     0.289    0.0669
   162/299     3.42G      1.05     0.531     0.141      1.72         9       512     0.984     0.985     0.995     0.985     0.624     0.282    0.0656
   163/299     3.42G     0.986     0.396      0.23      1.61        14       512     0.996     0.994     0.995     0.995     0.698       0.3    0.0669
   164/299     3.42G      1.06     0.433     0.116      1.61        11       512     0.988     0.988     0.995     0.988     0.607     0.305    0.0661
   165/299     3.42G       1.1     0.481     0.212      1.79         9       512     0.989     0.996     0.995     0.992     0.677     0.326     0.057
   166/299     3.42G      1.19     0.482     0.185      1.86        15       512      0.99     0.994     0.995     0.992     0.585     0.382    0.0522
   167/299     3.42G     0.983     0.493    0.0944      1.57        16       512     0.991     0.995     0.995     0.993     0.594     0.349    0.0484
   168/299     3.42G      1.15     0.483     0.113      1.74        14       512     0.989     0.993     0.995      0.99     0.652     0.316    0.0466
   169/299     3.42G      1.12     0.483     0.189      1.79         9       512     0.992     0.991     0.995     0.992     0.662       0.3    0.0459
   170/299     3.42G      1.04     0.487     0.105      1.63        13       512      0.99     0.992     0.995     0.991      0.65     0.328    0.0461
   171/299     3.42G      1.05     0.448     0.153      1.65        14       512     0.987     0.991     0.995     0.989     0.691     0.319    0.0502
   172/299     3.42G      1.09     0.489     0.152      1.73        12       512     0.994     0.993     0.995     0.994      0.62     0.309    0.0529
   173/299     3.42G     0.996      0.45     0.146      1.59         8       512     0.986     0.982     0.994     0.984     0.579     0.331    0.0592
   174/299     3.42G      1.04     0.415     0.124      1.58        11       512     0.989     0.987     0.995     0.988     0.647     0.334    0.0595
   175/299     3.42G      1.14     0.466     0.252      1.86        13       512     0.982     0.987     0.995     0.985     0.624     0.343    0.0589
   176/299     3.42G     0.975     0.398     0.116      1.49        19       512     0.979     0.986     0.995     0.982     0.635       0.3    0.0544
   177/299     3.42G      1.01     0.506     0.126      1.64        17       512      0.98     0.988     0.995     0.984     0.571     0.281     0.051
   178/299     3.42G      0.94     0.485    0.0918      1.52        15       512     0.985     0.993     0.995     0.989     0.602     0.277     0.048
   179/299     3.42G     0.889     0.399    0.0846      1.37        10       512      0.99     0.993     0.995     0.991     0.616     0.282    0.0458
   180/299     3.42G      1.09     0.476    0.0816      1.65        12       512     0.993     0.978     0.995     0.985     0.588     0.277    0.0446
   181/299     3.42G     0.989     0.445     0.071       1.5        12       512     0.987     0.977     0.995     0.982     0.603     0.266    0.0438
   182/299     3.42G     0.987     0.461    0.0952      1.54        11       512     0.991     0.976     0.995     0.983     0.672     0.262    0.0447
   183/299     3.42G      1.02     0.426     0.118      1.56        13       512     0.991      0.97     0.995      0.98     0.639     0.269    0.0449
   184/299     3.42G     0.837     0.344     0.135      1.32        17       512     0.978     0.962     0.994     0.969     0.647     0.284    0.0741
   185/299     3.42G       1.1     0.433     0.377      1.91        11       512      0.98     0.953     0.994     0.965      0.57     0.277    0.0526
   186/299     3.42G     0.914     0.416     0.103      1.43        15       512     0.976     0.957     0.993     0.966     0.568     0.283    0.0535
   187/299     3.42G     0.825     0.439     0.154      1.42        13       512     0.984     0.964     0.993     0.973     0.601     0.292    0.0544
   188/299     3.42G     0.966     0.431     0.213      1.61        12       512     0.986     0.964     0.995     0.975      0.57     0.306    0.0527
   189/299     3.42G     0.995     0.463     0.122      1.58        14       512     0.986     0.975     0.994      0.98     0.598     0.305    0.0502
   190/299     3.42G      1.02     0.485     0.101       1.6        14       512     0.985     0.973     0.994     0.979     0.572     0.286    0.0481
   191/299     3.42G     0.936     0.425    0.0847      1.45        11       512      0.99     0.984     0.995     0.987      0.57     0.286    0.0448
   192/299     3.42G     0.859     0.442    0.0852      1.39         9       512     0.986     0.986     0.995     0.986      0.59     0.286    0.0432
   193/299     3.42G      1.02     0.427     0.102      1.55        13       512     0.988         1     0.995     0.994     0.554     0.301    0.0455
   194/299     3.42G     0.849     0.407    0.0887      1.35        10       512     0.989     0.997     0.995     0.993     0.552     0.302    0.0463
   195/299     3.42G      1.04     0.427     0.114      1.58        12       512     0.988     0.997     0.995     0.992     0.612     0.294    0.0458
   196/299     3.42G     0.905     0.409    0.0698      1.38        15       512     0.988     0.998     0.995     0.993     0.562     0.291    0.0457
   197/299     3.42G     0.911     0.399     0.066      1.38        13       512      0.99     0.999     0.995     0.995     0.533     0.277    0.0442
   198/299     3.42G     0.896     0.377     0.141      1.41        10       512     0.992         1     0.995     0.996     0.482     0.276    0.0435
   199/299     3.42G     0.858     0.409    0.0963      1.36         8       512     0.992         1     0.995     0.996      0.52      0.27    0.0426
   200/299     3.42G     0.793     0.481     0.112      1.39        11       512     0.994     0.999     0.995     0.996     0.475     0.262    0.0411
   201/299     3.42G     0.821     0.442     0.078      1.34        11       512     0.995     0.996     0.995     0.996     0.524     0.257    0.0399
   202/299     3.42G      0.89     0.389    0.0623      1.34        16       512     0.994     0.999     0.995     0.996     0.535     0.262    0.0394
   203/299     3.42G     0.875     0.365     0.101      1.34        13       512     0.987     0.998     0.995     0.992      0.49     0.264    0.0402
   204/299     3.42G     0.808       0.4    0.0701      1.28         6       512     0.988     0.984     0.995     0.986     0.536      0.26      0.04
   205/299     3.42G     0.852     0.342    0.0923      1.29        13       512     0.987     0.989     0.995     0.988     0.512     0.255    0.0403
   206/299     3.42G     0.911     0.437    0.0636      1.41        15       512     0.988     0.991     0.995     0.989     0.485     0.255    0.0398
   207/299     3.42G     0.829     0.411    0.0694      1.31        16       512     0.988         1     0.995     0.994     0.485     0.245    0.0386
   208/299     3.42G     0.731     0.361     0.101      1.19        15       512     0.992         1     0.995     0.996     0.497     0.236    0.0381
   209/299     3.42G      0.91     0.409    0.0755      1.39        12       512     0.986     0.987     0.995     0.987     0.498     0.244    0.0374
   210/299     3.42G     0.894     0.365    0.0487      1.31        18       512     0.982     0.977     0.994     0.979     0.476      0.27    0.0361
   211/299     3.42G     0.906     0.397     0.064      1.37        13       512     0.981     0.973     0.994     0.977     0.494     0.282    0.0348
   212/299     3.42G     0.774     0.458    0.0514      1.28        13       512     0.981     0.965     0.994     0.973     0.491     0.244    0.0339
   213/299     3.42G     0.881     0.411      0.11       1.4        11       512     0.982     0.976     0.995     0.978     0.446     0.224    0.0329
   214/299     3.42G      0.78     0.428    0.0821      1.29        14       512     0.982     0.983     0.995     0.982     0.489     0.223    0.0327
   215/299     3.42G     0.775     0.398    0.0887      1.26        10       512     0.983     0.978     0.995      0.98     0.455     0.221    0.0328
   216/299     3.42G     0.792     0.364    0.0739      1.23        10       512     0.983     0.981     0.995     0.982     0.438     0.227     0.033
   217/299     3.42G     0.817     0.389     0.108      1.31        14       512     0.986     0.991     0.995     0.989      0.44     0.217    0.0318
   218/299     3.42G      1.02     0.373    0.0836      1.47        12       512     0.987     0.993     0.995      0.99     0.448     0.208    0.0307
   219/299     3.42G     0.732     0.342    0.0461      1.12        12       512     0.985     0.978     0.994     0.982     0.434     0.212    0.0302
   220/299     3.42G      0.78     0.348    0.0765       1.2        12       512     0.988     0.972     0.994      0.98     0.427     0.221    0.0297
   221/299     3.42G     0.859     0.359    0.0705      1.29        18       512     0.986     0.979     0.994     0.983     0.449     0.223    0.0296
   222/299     3.42G     0.725     0.383      0.06      1.17        12       512     0.986     0.979     0.994     0.982     0.498     0.226      0.03
   223/299     3.42G     0.763     0.374    0.0499      1.19        10       512      0.99     0.966     0.994     0.977     0.485     0.224    0.0304
   224/299     3.42G     0.742     0.416    0.0801      1.24        11       512     0.991     0.981     0.995     0.986     0.505     0.222    0.0309
   225/299     3.42G     0.816     0.389    0.0728      1.28        14       512     0.996     0.987     0.995     0.992     0.504     0.236    0.0316
   226/299     3.42G     0.676     0.362    0.0617       1.1        14       512     0.995     0.992     0.995     0.993     0.427     0.238    0.0323
   227/299     3.42G     0.755     0.328    0.0613      1.14        12       512     0.996     0.979     0.995     0.987     0.395     0.244    0.0328
   228/299     3.42G     0.756     0.358     0.114      1.23        15       512     0.996     0.981     0.995     0.988     0.404     0.244    0.0327
   229/299     3.42G     0.636     0.343    0.0953      1.07        17       512     0.996     0.974     0.995     0.985     0.431     0.236    0.0326
   230/299     3.42G     0.812     0.355    0.0829      1.25        14       512     0.995     0.978     0.995     0.986     0.421     0.228     0.032
   231/299     3.42G     0.777     0.358    0.0624       1.2        14       512     0.996     0.979     0.995     0.988     0.456     0.223    0.0312
   232/299     3.42G     0.812     0.364     0.119      1.29        14       512     0.996     0.984     0.995      0.99     0.416     0.217    0.0305
   233/299     3.42G     0.665     0.323    0.0862      1.07        12       512     0.994     0.982     0.995     0.988     0.406     0.218    0.0296
   234/299     3.42G     0.704     0.333    0.0796      1.12         9       512     0.994     0.981     0.995     0.987     0.394      0.22    0.0285
   235/299     3.42G     0.781     0.308     0.169      1.26        14       512     0.991     0.981     0.995     0.986     0.405     0.221    0.0281
   236/299     3.42G     0.725     0.341    0.0527      1.12        20       512     0.994     0.992     0.995     0.993     0.387     0.223    0.0284
   237/299     3.42G     0.624     0.357     0.107      1.09        10       512      0.99     0.993     0.995     0.991     0.399     0.228    0.0293
   238/299     3.42G     0.716     0.359    0.0618      1.14        11       512     0.985      0.99     0.995     0.987     0.413     0.238    0.0292
   239/299     3.42G     0.641     0.353     0.114      1.11        12       512     0.984     0.992     0.995     0.987     0.441     0.246    0.0285
   240/299     3.42G      0.64     0.312     0.122      1.07        14       512     0.985     0.995     0.995      0.99     0.444     0.242    0.0271
   241/299     3.42G     0.725       0.4    0.0633      1.19        11       512     0.987     0.987     0.995     0.987     0.447     0.243    0.0265
   242/299     3.42G      0.67     0.332    0.0333      1.04        12       512     0.987     0.984     0.995     0.985     0.405     0.249    0.0264
   243/299     3.42G     0.669     0.327    0.0638      1.06        16       512     0.986     0.983     0.995     0.984     0.422     0.245    0.0266
   244/299     3.42G     0.646     0.344     0.065      1.05        14       512     0.986     0.984     0.995     0.985     0.414     0.238     0.027
   245/299     3.42G     0.675     0.318    0.0531      1.05         8       512     0.986     0.984     0.995     0.985     0.393     0.235    0.0263
   246/299     3.42G     0.613     0.329    0.0583         1         8       512     0.987      0.99     0.995     0.988     0.392      0.23    0.0262
   247/299     3.42G     0.885     0.369     0.228      1.48        13       512     0.988     0.995     0.995     0.991     0.382     0.229    0.0259
   248/299     3.42G     0.662     0.363    0.0329      1.06        14       512     0.988     0.995     0.995     0.992     0.386     0.226    0.0254
   249/299     3.42G     0.711     0.356    0.0991      1.17        18       512     0.988     0.992     0.995      0.99     0.414     0.226    0.0255
   250/299     3.42G     0.659     0.321    0.0505      1.03        16       512     0.988     0.977     0.995     0.982     0.411     0.231    0.0252
   251/299     3.42G     0.807     0.329      0.12      1.26        11       512     0.989     0.973     0.995     0.981     0.409     0.234     0.025
   252/299     3.42G      0.71     0.318    0.0495      1.08        13       512     0.992     0.977     0.995     0.984      0.38     0.234     0.025
   253/299     3.42G     0.699     0.315     0.122      1.14        13       512      0.99     0.978     0.995     0.984     0.385     0.238    0.0247
   254/299     3.42G     0.674     0.312    0.0817      1.07        11       512     0.989     0.986     0.995     0.987     0.401     0.229    0.0248
   255/299     3.42G      0.67     0.301    0.0554      1.03        15       512     0.988     0.988     0.995     0.988     0.376     0.221    0.0246
   256/299     3.42G     0.617     0.348      0.11      1.08        11       512     0.988     0.984     0.995     0.986     0.387     0.216    0.0245
   257/299     3.42G     0.663     0.333    0.0491      1.04        15       512     0.988     0.986     0.995     0.987     0.379     0.209    0.0243
   258/299     3.42G     0.568     0.341    0.0432     0.953        11       512     0.988     0.989     0.995     0.989     0.379     0.204    0.0243
   259/299     3.42G     0.726      0.36     0.112       1.2        13       512     0.986      0.99     0.995     0.988     0.379     0.199     0.024
   260/299     3.42G     0.707     0.336     0.103      1.15        16       512     0.988     0.986     0.995     0.987     0.361     0.206    0.0243
   261/299     3.42G     0.686     0.383    0.0495      1.12        13       512     0.989     0.986     0.995     0.987     0.377     0.215    0.0246
   262/299     3.42G     0.649     0.331     0.104      1.08        11       512     0.988     0.991     0.995      0.99     0.383     0.216    0.0242
   263/299     3.42G     0.677     0.318    0.0866      1.08        17       512     0.988     0.993     0.995      0.99     0.372      0.22    0.0235
   264/299     3.42G     0.649     0.297     0.134      1.08        12       512     0.988     0.993     0.995      0.99     0.385     0.215    0.0236
   265/299     3.42G     0.616     0.311    0.0361     0.963        13       512     0.988     0.988     0.995     0.988     0.355     0.215    0.0235
   266/299     3.42G     0.649     0.299    0.0755      1.02        17       512     0.989     0.987     0.995     0.988     0.356      0.21    0.0232
   267/299     3.42G     0.554     0.281    0.0415     0.876        12       512     0.989     0.986     0.995     0.987      0.37     0.209    0.0232
   268/299     3.42G     0.675     0.331    0.0938       1.1        13       512     0.989     0.985     0.995     0.987     0.345     0.214    0.0232
   269/299     3.42G     0.657     0.343     0.105      1.11        14       512     0.989     0.989     0.994     0.989     0.326     0.212    0.0231
   270/299     3.42G     0.638     0.306     0.047      0.99        11       512     0.987     0.992     0.994     0.989     0.332     0.207    0.0225
   271/299     3.42G     0.551     0.309    0.0297     0.889        16       512     0.986     0.992     0.995     0.989     0.341     0.203    0.0222
   272/299     3.42G     0.623     0.351     0.121      1.09        12       512     0.988     0.986     0.995     0.986     0.362     0.205    0.0221
   273/299     3.42G     0.767     0.391      0.13      1.29        12       512     0.989     0.976     0.995     0.982     0.352     0.209    0.0221
   274/299     3.42G      0.67     0.353      0.05      1.07        11       512     0.989     0.975     0.995     0.981     0.346     0.211    0.0223
   275/299     3.42G     0.581     0.323    0.0391     0.944        12       512     0.988     0.977     0.995     0.982     0.361     0.211    0.0225
   276/299     3.42G     0.679     0.307    0.0894      1.08        12       512     0.989     0.976     0.995     0.982     0.342     0.212    0.0221
   277/299     3.42G     0.644     0.333    0.0529      1.03        14       512     0.989     0.977     0.994     0.982     0.333     0.207    0.0222
   278/299     3.42G     0.582     0.341    0.0558     0.979        13       512     0.989     0.983     0.995     0.985     0.335     0.198    0.0221
   279/299     3.42G     0.636     0.356    0.0838      1.08        12       512     0.988     0.991     0.995     0.989     0.335     0.193    0.0221
   280/299     3.42G     0.575     0.301    0.0326     0.909        16       512     0.986      0.99     0.995     0.988      0.34     0.195    0.0211
   281/299     3.42G     0.532     0.302    0.0405     0.875        14       512     0.987      0.99     0.995     0.988      0.34     0.192    0.0205
   282/299     3.42G     0.605     0.357     0.115      1.08         9       512     0.987     0.983     0.995     0.985     0.336     0.196    0.0204
   283/299     3.42G     0.533     0.272    0.0592     0.865        11       512     0.988     0.984     0.995     0.986     0.336     0.205      0.02
   284/299     3.42G      0.58     0.307    0.0601     0.948        15       512     0.989     0.979     0.994     0.984     0.349     0.213    0.0196
   285/299     3.42G     0.651     0.333    0.0795      1.06        16       512     0.988     0.981     0.995     0.984     0.351     0.218    0.0197
   286/299     3.42G     0.684     0.318    0.0471      1.05        17       512     0.988     0.982     0.995     0.985     0.342      0.22    0.0194
   287/299     3.42G     0.662     0.293    0.0501      1.01        12       512     0.988     0.985     0.995     0.987      0.34     0.214    0.0192
   288/299     3.42G     0.623     0.318    0.0343     0.975        15       512     0.988     0.986     0.995     0.987     0.348     0.209    0.0189
   289/299     3.42G     0.627     0.349     0.112      1.09        15       512     0.988     0.985     0.995     0.986     0.339     0.205    0.0187
   290/299     3.42G     0.522     0.319    0.0414     0.883         6       512     0.988     0.983     0.995     0.985     0.347     0.199    0.0185
   291/299     3.42G     0.591     0.326    0.0608     0.978        15       512     0.988     0.979     0.995     0.983     0.337     0.195    0.0178
   292/299     3.42G     0.509     0.269     0.049     0.827        13       512     0.988     0.985     0.995     0.987     0.334     0.192    0.0177
   293/299     3.42G     0.648     0.347    0.0866      1.08        20       512     0.989     0.987     0.995     0.988     0.341      0.19    0.0177
   294/299     3.42G     0.587     0.277    0.0466      0.91        11       512     0.989     0.987     0.995     0.988     0.325     0.191    0.0176
   295/299     3.42G     0.535     0.312    0.0437     0.891        16       512     0.989     0.989     0.995     0.989     0.336     0.188    0.0177
   296/299     3.42G       0.6     0.393     0.133      1.13        11       512     0.989      0.99     0.995     0.989     0.317     0.185    0.0177
   297/299     3.42G      0.53      0.29     0.135     0.955        17       512     0.988     0.992     0.995      0.99     0.324     0.185    0.0174
   298/299     3.42G     0.572     0.301    0.0505     0.924        17       512     0.987     0.992     0.995     0.989     0.335     0.185    0.0172
   299/299     3.42G     0.513     0.354    0.0275     0.894        11       512     0.986     0.992     0.995     0.989      0.33     0.186    0.0172
